55001
55005
55007
55008
55009
55011
55013
55014
55016
55017
55018
55020
55021
55024
55025
55027
55032
55033
55037
55038
55040
55041
55042
55043
55044
55047
55051
55055
55056
55057
55060
55063
55065
55066
55068
55069
55070
55071
55072
55073
55074
55075
55076
55077
55079
55080
55082
55087
55088
55089
55092
55104
55105
55106
55110
55112
55113
55115
55116
55117
55119
55120
55123
55125
55126
55127
55128
55129
55302
55303
55304
55306
55307
55308
55310
55312
55313
55316
55317
55318
55319
55320
55321
55322
55325
55327
55328
55329
55330
55331
55332
55333
55334
55337
55338
55340
55342
55343
55344
55346
55347
55349
55350
55352
55353
55354
55355
55356
55357
55362
55368
55371
55372
55374
55376
55378
55379
55382
55385
55387
55388
55396
55397
55398
55405
55406
55414
55416
55418
55419
55420
55422
55423
55424
55426
55427
55428
55429
55430
55432
55433
55435
55437
55438
55439
55441
55443
55444
55448
55449
55603
55604
55607
55612
55616
55703
55704
55705
55706
55707
55708
55709
55711
55712
55717
55718
55719
55720
55721
55723
55724
55726
55731
55732
55734
55735
55736
55741
55742
55744
55746
55749
55750
55751
55757
55760
55765
55767
55769
55771
55779
55783
55787
55790
55792
55795
55797
55803
55804
55807
55810
55811
55901
55904
55906
55909
55910
55912
55917
55921
55922
55923
55925
55927
55929
55934
55935
55936
55939
55940
55943
55944
55945
55946
55947
55949
55951
55952
55954
55955
55956
55957
55959
55960
55961
55962
55963
55964
55965
55967
55969
55971
55972
55974
55975
55976
55977
55981
55987
55990
55991
55992
56001
56007
56009
56010
56013
56014
56016
56017
56019
56021
56023
56031
56034
56036
56037
56039
56041
56044
56045
56048
56050
56052
56054
56055
56057
56058
56060
56062
56063
56065
56069
56071
56072
56073
56074
56078
56080
56081
56082
56083
56085
56087
56088
56089
56093
56096
56101
56110
56111
56114
56115
56121
56122
56123
56127
56128
56129
56131
56137
56139
56141
56142
56143
56144
56147
56150
56151
56152
56156
56157
56159
56161
56164
56166
56167
56168
56169
56170
56171
56172
56173
56175
56176
56183
56186
56187
56201
56208
56211
56212
56214
56215
56218
56219
56220
56222
56223
56225
56227
56228
56229
56231
56232
56236
56241
56243
56244
56245
56248
56249
56253
56256
56258
56262
56264
56265
56266
56267
56271
56273
56276
56277
56278
56279
56282
56283
56284
56285
56289
56292
56293
56296
56297
56301
56303
56304
56307
56308
56309
56310
56311
56312
56314
56315
56316
56319
56320
56323
56324
56326
56329
56330
56331
56332
56334
56336
56338
56339
56340
56342
56343
56345
56347
56350
56352
56353
56354
56355
56358
56359
56361
56362
56364
56367
56368
56373
56374
56377
56378
56379
56381
56382
56385
56387
56401
56425
56431
56433
56434
56435
56437
56438
56440
56441
56442
56443
56444
56447
56448
56449
56450
56452
56461
56464
56465
56466
56467
56468
56469
56470
56472
56473
56474
56475
56477
56479
56481
56482
56484
56501
56514
56515
56517
56518
56520
56521
56524
56527
56528
56531
56533
56534
56535
56537
56540
56542
56543
56544
56545
56547
56548
56549
56551
56556
56557
56560
56567
56568
56569
56570
56571
56572
56573
56575
56576
56578
56579
56580
56585
56586
56587
56590
56592
56594
56601
56621
56623
56626
56628
56630
56633
56636
56637
56639
56644
56647
56649
56650
56653
56655
56657
56661
56663
56670
56671
56672
56676
56678
56682
56686
56701
56711
56714
56716
56722
56724
56725
56726
56727
56732
56736
56737
56738
56750
56751
56754
56756
56758
56759
56761
56762
56763
